--players--
gameid partyid playerid team skill
     0       5        5    1  2212
     0       5        6    1  2115
     0       5        7    1   317
     0     540      738    0  3094
     0     128      171    1  3092
     0       7        9    0  2746
     0       3        3    1  2459
     0       6        8    0  1550
     0       2        2    0   926
     0       4        4    0   256
     1      14       17    0  1818
     1      14       16    0   997
     1     188      251    1  1819
     1       9       11    1  1459
     1      16       19    1  1310
     1      15       18    1   835
     1      10       12    0   523
     1      12       14    0   450
     1       8       10    0   348
     1      11       13    1    46
     2      21       27    0  2464
     2      21       25    0  2275
     2      21       26    0  1149
     2      21       24    0   916
     2     564      774    1  2464
     2      25       33    1  1255
     2      22       28    1   938
     2      18       21    0   775
     2      23       29    1   532
     2      26       34    1   267
     3      24       32    0  2572
     3      24       31    0  1409
     3      24       30    0    22
     3     357      469    1  2555
     3      31       39    0  2001
     3      28       36    1  1544
     3      32       40    1  1338
     3      27       35    1   747
     3      34       45    0   695
     3      29       37    1   610
     4      38       50    1  3253
     4      38       49    1  3140
     4      38       51    1   867
     4     369      489    0  3199
     4     369      490    0   855
     4     369      491    0   821
     4     369      488    0   370
     4      37       48    1  2839
     4      40       53    1  1446
     4      39       52    0   408
     5      55       78    0  4425
     5      55       79    0  2403
     5     501      676    0  4414
     5     501      677    0  1376
     5      46       60    1  1508
     5      43       57    1  1291
     5      45       59    0   686
     5      49       67    1   552
     5      42       56    1   314
     5      50       68    1    41
     6      47       62    0  3042
     6      47       64    0  2617
     6      47       61    0   775
     6      47       63    0   732
     6     206      278    1  3042
     6      52       72    1  1430
     6      52       70    1   601
     6      52       71    1    10
     6      56       80    0  1802
     6      57       81    1   487
     7     512      693    0  4030
     7     512      694    0  1461
     7     512      695    0  1455
     7     512      696    0   708
     7     342      450    1  4033
     7      58       82    1  1521
     7      60       84    1   763
     7      59       83    1   640
     7      61       85    1   227
     7      62       86    0   177
     8      63       91    0  2324
     8      63       89    0  1595
     8      63       87    0  1430
     8      63       90    0   330
     8      63       88    0   287
     8     275      362    1  2320
     8      65       93    1  1248
     8      66       94    1  1126
     8      67       95    1   858
     8      69       97    1   836
     9     220      294    0  2133
     9     220      295    0  1791
     9     220      293    0  1030
     9     521      706    0  2133
     9      76      106    1  2020
     9      79      109    1  1851
     9      75      105    0  1246
     9      74      104    1   863
     9      72      102    1   685
     9      73      103    1   566
    10      82      112    0  5288
    10      82      113    0  1753
    10     134      177    1  5341
    10      89      122    1  1940
    10      88      121    0  1683
    10      83      114    1  1115
    10      81      111    1   959
    10      86      119    0   937
    10      80      110    0   314
    10      85      118    1   311
    11     101      135    1  2166
    11     101      134    1    49
    11     543      742    0  2166
    11     102      136    0  1067
    11      91      124    0   960
    11      92      125    1   925
    11     100      133    0   767
    11      97      130    0   497
    11      98      131    1   466
    11      96      129    1    96
    12     437      589    0  2849
    12     107      142    0  2846
    12     105      139    1  1831
    12     105      140    1   945
    12     110      145    1  1674
    12     113      150    1   818
    12     108      143    1   620
    12     109      144    0   332
    12     112      149    0   221
    12     106      141    0   141
    13     111      146    0  3482
    13     111      148    0  3253
    13     111      147    0   695
    13     700      951    1  3481
    13     131      174    1  3429
    13     117      154    0  1851
    13     121      160    1  1512
    13     116      153    1  1311
    13     122      161    0  1200
    13     115      152    1   834
    14     145      192    1  3378
    14     145      191    1  3087
    14     145      193    1  2389
    14     145      190    1   200
    14     323      428    0  3418
    14     323      426    0  2177
    14     323      427    0   389
    14     127      170    0  2577
    14     127      169    0   993
    14     129      172    1   673
    15     686      936    0  7388
    15     147      195    1  7367
    15     137      182    1  1500
    15     144      189    0  1455
    15     135      178    0  1415
    15     141      186    1  1377
    15     139      184    0   919
    15     133      176    1   814
    15     146      194    1   307
    15     132      175    0    84
    16     195      259    0  3178
    16     371      493    1  3178
    16     163      216    0  1593
    16     163      215    0  1207
    16     164      217    1  2047
    16     148      196    0  1688
    16     165      218    1  1272
    16     162      214    1   643
    16     149      197    1   602
    16     159      211    0   548
    17     150      198    0  2406
    17     150      201    0  1903
    17     150      202    0  1296
    17     150      200    0  1281
    17     150      199    0  1000
    17     230      308    1  2392
    17     158      210    1  1316
    17     153      205    1  1203
    17     156      208    1  1125
    17     154      206    1   179
    18     271      358    0  1241
    18     340      448    0  1240
    18     178      235    1  1154
    18     172      225    1  1141
    18     176      233    1  1063
    18     167      220    1  1003
    18     170      223    1   726
    18     169      222    0   498
    18     175      232    0   271
    18     171      224    0   148
    19     467      622    0  1800
    19     467      623    0  1482
    19     467      625    0  1323
    19     467      624    0  1011
    19     467      626    0   521
    19     483      645    1  2426
    19     483      644    1  1107
    19     179      237    1  2588
    19     179      236    1   547
    19     180      238    1  1615
    20     181      242    0  2489
    20     181      241    0  2046
    20     181      240    0  1698
    20     181      239    0  1643
    20     192      256    1  1791
    20     192      255    1  1573
    20     497      672    1  2475
    20     191      254    1  1712
    20     185      248    1   948
    20     189      252    0   934
    21     197      262    1  1426
    21     197      263    1  1300
    21     197      264    1  1023
    21     197      261    1   407
    21     198      265    0   758
    21     198      267    0   677
    21     198      266    0   254
    21     636      868    0  1421
    21     203      272    0  1409
    21     194      258    1   411
    22     237      316    1  5091
    22     237      318    1  1267
    22     237      315    1   578
    22     237      317    1   244
    22     439      591    0  5149
    22     205      277    0  2014
    22     200      269    1  1736
    22     207      279    0   936
    22     199      268    0   821
    22     201      270    0   321
    23     496      671    1  2820
    23     496      670    1   487
    23     538      736    1  2823
    23     211      283    0  1854
    23     209      281    0  1539
    23     216      289    1  1062
    23     215      288    0  1034
    23     213      286    0   802
    23     210      282    1   356
    23     217      290    0   186
    24     222      298    0  2841
    24     222      297    0  2581
    24      68       96    1  2803
    24     221      296    1  1475
    24     228      304    0  1328
    24     226      302    1  1169
    24     219      292    0  1135
    24     225      301    0   997
    24     232      310    1   732
    24     223      299    1   677
    25     248      330    0  3558
    25     248      331    0  1756
    25     248      329    0  1189
    25     472      631    0  3557
    25     243      324    1  3119
    25     236      314    0  1229
    25     234      312    1  1023
    25     233      311    1   429
    25     235      313    1   345
    25     240      321    1   190
    26     276      363    0  2498
    26     584      796    0  2496
    26     253      336    0  1901
    26     252      335    1  1683
    26     247      328    1   805
    26     246      327    0   703
    26     250      333    1   667
    26     245      326    1   507
    26     244      325    0   323
    26     254      337    1   233
    27     265      349    0  1727
    27     261      344    1  1718
    27     267      351    0  1564
    27     256      339    1  1308
    27     259      342    0   945
    27     257      340    0   800
    27     263      346    1   766
    27     258      341    1   576
    27     266      350    1   497
    27     262      345    0   237
    28     363      480    1  3065
    28     363      479    1  2932
    28     363      478    1   858
    28     363      481    1   833
    28     324      429    0  3094
    28     324      430    0  2187
    28     272      359    0  2290
    28     270      357    0  1949
    28     273      360    1  1041
    28     269      356    0   777
    29     279      366    0  1954
    29     279      369    0  1881
    29     279      368    0   806
    29     279      367    0   274
    29     598      813    1  4307
    29     639      875    1  4292
    29     277      364    1  1559
    29     274      361    0  1091
    29     280      370    1   765
    29     282      372    1   567
    30     305      400    1  2188
    30     305      401    1  1444
    30     328      434    0  2196
    30     286      377    0  1351
    30     286      378    0   543
    30     284      374    0  1580
    30     287      379    1  1453
    30     289      381    1   935
    30     292      384    1   907
    30     288      380    0   490
    31     420      562    1  1376
    31     306      402    1  1375
    31     302      395    1  1198
    31     303      396    0  1152
    31     309      406    1   909
    31     301      394    0   837
    31     295      387    0   784
    31     298      391    0   614
    31     293      385    0   603
    31     294      386    1   154
    32     304      397    0  3167
    32     304      398    0  1228
    32     304      399    0  1174
    32     573      783    1  3169
    32     308      404    1  1375
    32     308      405    1   778
    32     311      408    0  1876
    32     316      416    1   560
    32     314      413    0   423
    32     312      409    1   244
    33     313      412    0  3654
    33     313      411    0  2858
    33     313      410    0   941
    33     423      565    1  3705
    33     423      566    1  2230
    33     318      418    0  2649
    33     319      419    1  2018
    33     317      417    1  1873
    33     322      425    0  1779
    33     325      431    1   686
    34     321      421    0  2092
    34     321      423    0  1875
    34     321      424    0   465
    34     321      422    0    35
    34     408      544    1  2077
    34     326      432    1  1459
    34     335      443    1   690
    34     332      440    0   680
    34     331      439    1   320
    34     333      441    1   251
    35     485      652    0  2059
    35     485      651    0  1639
    35     485      653    0   232
    35     499      674    1  2052
    35     344      452    0  1467
    35     347      455    1  1327
    35     345      453    1  1082
    35     339      447    0   722
    35     338      446    1   414
    35     337      445    1   330
    36     362      477    1  3987
    36     362      474    1  3550
    36     362      475    1  2162
    36     362      476    1  1592
    36     533      726    0  3994
    36     352      463    0  1700
    36     354      466    0  1664
    36     351      462    0  1001
    36     355      467    1   457
    36     346      454    0   408
    37     353      465    0  1459
    37     353      464    0   383
    37     602      817    1  1469
    37     366      484    0  1308
    37     365      483    1  1203
    37     377      500    1  1150
    37     359      471    0  1076
    37     367      485    1  1019
    37     370      492    1   690
    37     364      482    0   400
    38     368      486    0  2500
    38     368      487    0   247
    38     251      334    0  2501
    38     379      503    1  1851
    38     379      504    1   349
    38     376      498    0  1397
    38     376      499    0   516
    38     381      506    1   670
    38     374      496    1   603
    38     372      494    1   336
    39     544      745    0  2561
    39     544      743    0  1707
    39     544      744    0   842
    39     544      746    0   766
    39     527      720    1  2560
    39     388      516    1  1873
    39     387      515    1   817
    39     382      507    0   677
    39     389      517    1   485
    39     384      509    1   225
    40     395      523    1  1488
    40     646      882    0  1483
    40     415      557    0  1319
    40     407      543    1  1168
    40     414      556    1   988
    40     409      545    0   763
    40     394      522    0   327
    40     416      558    1   238
    40     397      525    1   176
    40     406      542    0   122
    41     524      711    0  3206
    41     524      714    0  2322
    41     524      712    0  2151
    41     524      713    0  1802
    41     524      715    0   524
    41     160      212    1  3206
    41     405      540    1  1406
    41     405      541    1  1307
    41     403      535    1  1901
    41     399      531    1  1130
    42     410      549    1  4069
    42     410      546    1  2646
    42     410      548    1  1207
    42     410      547    1   644
    42     155      207    1  3944
    42     404      539    0   793
    42     404      536    0   727
    42     404      538    0   662
    42     404      537    0   457
    42     411      550    0   581
    43     511      692    0  3334
    43     511      690    0  3025
    43     511      689    0  2003
    43     511      691    0   578
    43     609      825    0  3345
    43     421      563    1  2115
    43     418      560    1  1698
    43     427      575    1  1380
    43     419      561    1  1155
    43     417      559    1  1105
    44     551      756    1  2051
    44     551      757    1  1511
    44     551      758    1   924
    44     551      755    1    57
    44     678      925    1  2053
    44     424      568    0   747
    44     424      569    0   473
    44     424      567    0   303
    44     429      577    0  1127
    44     428      576    0   957
    45     432      580    1  2453
    45     432      581    1  1528
    45     456      608    0  2452
    45     442      594    0  1302
    45     431      579    0  1089
    45     438      590    1   865
    45     440      592    0   839
    45     441      593    1   689
    45     443      595    1   427
    45     433      582    0   285
    46     435      586    0  3855
    46     435      587    0  1903
    46     435      585    0   433
    46     435      584    0   252
    46     334      442    1  3855
    46     449      601    1   897
    46     444      596    1   763
    46     448      600    1   721
    46     451      603    1   665
    46     450      602    0   414
    47     474      633    1  1275
    47     581      793    1  1274
    47     457      609    0  1118
    47     452      604    0   687
    47     455      607    1   674
    47     466      621    0   608
    47     459      611    0   338
    47     458      610    1   241
    47     463      617    1    23
    47     454      606    0    14
    48     465      619    1  1199
    48     465      620    1  1106
    48     460      612    0  1117
    48     460      613    0   311
    48     460      614    0    84
    48     529      722    1  1263
    48     166      219    0  1262
    48     477      636    1  1231
    48     475      634    1   959
    48     478      637    0   359
    49     484      646    1  2689
    49     484      648    1  2269
    49     484      649    1  1630
    49     484      650    1   322
    49     484      647    1   313
    49     525      718    0  2670
    49     525      716    0  1347
    49     525      717    0   833
    49     486      654    0   733
    49     488      656    0   403
    50     624      850    1  3058
    50     624      848    1  2016
    50     624      847    1  1855
    50     624      849    1  1563
    50     693      943    0  3049
    50     500      675    0  2277
    50     492      660    0  1625
    50     494      665    0  1508
    50     491      659    1   504
    50     502      678    0   230
    51     503      680    0  2993
    51     503      679    0  2046
    51     310      407    1  2990
    51     509      687    1  1883
    51     505      682    1   897
    51     505      683    1   602
    51     515      699    1  1060
    51     514      698    0   646
    51     510      688    0   566
    51     507      685    0   521
    52     517      701    0  1420
    52     517      702    0  1051
    52     655      897    0  2006
    52     299      392    1  2003
    52     519      704    1  1352
    52     522      707    1  1084
    52     528      721    1  1051
    52     526      719    0   498
    52     520      705    0   317
    52     518      703    1   232
    53     534      728    0  2658
    53     534      729    0  1785
    53     534      727    0  1784
    53     104      138    1  2659
    53     556      763    1  1246
    53     556      766    1   785
    53     556      764    1   364
    53     556      765    1   161
    53     536      734    0   774
    53     537      735    0   675
    54     550      754    0  1631
    54     611      827    0  1625
    54     546      748    1  1377
    54     552      759    1  1247
    54     541      739    0   711
    54     541      740    0   512
    54     555      762    1   883
    54     547      749    0   713
    54     548      750    1   613
    54     545      747    1   466
    55     549      753    0  2572
    55     549      751    0  1469
    55     549      752    0  1040
    55     593      808    0  3705
    55     542      741    1  3704
    55     578      790    1  3118
    55     562      772    1  1350
    55     561      771    0  1200
    55     565      775    1   693
    55     560      770    1   473
    56     393      521    1  2619
    56     516      700    0  2619
    56     566      776    0  2241
    56     569      779    1  1803
    56     579      791    1  1661
    56     572      782    0  1553
    56     575      785    0  1036
    56     567      777    1   822
    56     568      778    0   622
    56     582      794    1   291
    57     136      180    1  3281
    57     136      181    1  2126
    57     136      179    1   244
    57     229      306    0  3318
    57     229      305    0   459
    57     229      307    0   394
    57     592      807    0  1019
    57     589      803    0   959
    57     586      798    1   876
    57     594      809    1   503
    58     590      804    0  2058
    58     590      805    0  1026
    58     606      822    1  2508
    58     669      914    1  2508
    58     597      812    0  2204
    58     599      814    1  1377
    58     603      818    0   934
    58     600      815    0   687
    58     601      816    1   463
    58     595      810    1   344
    59     605      821    0  4531
    59     605      820    0   894
    59     653      895    1  4523
    59     618      838    1  3198
    59     614      831    0  2363
    59     612      829    1   982
    59     612      828    1   230
    59     615      832    0   913
    59     610      826    0   876
    59     607      823    1   479
    60     620      840    1  3255
    60     283      373    1  3253
    60     617      836    0   551
    60     617      837    0   498
    60     627      853    1   913
    60     621      841    0   888
    60     628      854    0   807
    60     629      855    1   743
    60     625      851    0   524
    60     622      842    1   439
    61     623      843    0  4490
    61     623      845    0  1018
    61     623      846    0   787
    61     623      844    0   617
    61     329      435    1  4507
    61     644      880    1  1159
    61     638      874    1   721
    61     640      876    1   556
    61     643      879    0   270
    61     642      878    1   180
    62     631      857    0  1628
    62     631      861    0   723
    62     631      859    0   597
    62     631      860    0   449
    62     631      858    0   351
    62     673      919    1   974
    62     673      918    1   432
    62     673      920    1   384
    62     557      767    1  1641
    62     635      867    1   183
    63     637      870    0  4683
    63     637      869    0  2219
    63     637      871    0  2047
    63     637      873    0  1732
    63     637      872    0   685
    63     588      800    1  4419
    63     588      802    1  1532
    63     588      801    1  1145
    63     650      892    1  1123
    63     645      881    1   578
    64     649      890    1  4499
    64     649      891    1  3430
    64     649      888    1   451
    64     649      889    1   141
    64     114      151    1  4504
    64     648      887    0   525
    64     648      886    0   512
    64     656      898    0   932
    64     651      893    0   731
    64     657      899    0   207
    65     671      916    1  1766
    65      13       15    0  1757
    65     680      927    0  1590
    65     665      907    0  1278
    65     660      902    1  1217
    65     668      913    1   888
    65     663      905    0   822
    65     662      904    1   709
    65     664      906    1   471
    65     659      901    0   432
    66     667      912    0  4700
    66     667      909    0  1923
    66     667      911    0  1696
    66     667      910    0  1584
    66     711      965    1  4677
    66     677      924    1  1330
    66     672      917    1   985
    66     684      934    0   841
    66     685      935    1   685
    66     679      926    1   430
    67     683      933    1  1686
    67     683      931    1   974
    67     683      932    1   363
    67     707      959    0  1610
    67     707      958    0   581
    67     732      993    1  1397
    67     692      942    0   917
    67     687      937    0   791
    67     696      947    1   601
    67     688      938    0   313
    68     695      946    0  2846
    68     695      945    0   421
    68     291      383    0  2862
    68     698      949    1  1346
    68     706      957    1  1199
    68     712      966    1  1019
    68     697      948    1   975
    68     710      964    0   903
    68     702      953    1   825
    68     699      950    0   289
    69     716      971    1  1594
    69     716      970    1   849
    69     716      972    1   625
    69     716      973    1   559
    69     709      963    0  1203
    69     709      962    0  1188
    69     709      961    0   863
    69     714      968    1   503
    69     717      974    0   447
    69     718      975    0   292
    70     268      353    0  3022
    70     268      354    0  2152
    70     268      352    0  1708
    70     268      355    0   509
    70     571      781    1  3006
    70     720      977    1  2076
    70     719      976    0   960
    70     722      982    1   651
    70     724      984    1   637
    70     725      985    1   126
    71     691      941    0  5540
    71     726      986    0  5501
    71      19       22    1  3089
    71      17       20    0  2977
    71     731      992    1  2261
    71     729      990    0  2256
    71     727      988    1  1262
    71     727      987    1   607
    71     736      997    1  1040
    71     728      989    0    59
    72      41       54    0  4157
    72      41       55    0   802
    72     281      371    1  4155
    72      48       66    1  2166
    72      48       65    1   657
    72      35       46    0  2534
    72     737      999    0  1531
    72     737      998    0  1002
    72      20       23    1  2145
    72      36       47    1  1798
    73     123      164    0  2806
    73     123      163    0  2222
    73     123      162    0  1551
    73     123      165    0  1419
    73     157      209    1  2794
    73      51       69    0  2385
    73      53       73    1  2358
    73      71      101    1  2261
    73      77      107    1  2054
    73      64       92    1  1683
    74      84      115    0  2144
    74      84      116    0  1599
    74      84      117    0  1495
    74     140      185    1  3516
    74     242      323    1  3516
    74     120      159    0  2475
    74     118      155    1  2427
    74      95      128    1  2211
    74     124      166    1  2131
    74     103      137    0  2055
    75     119      157    0  5619
    75     119      158    0  3090
    75     119      156    0  1074
    75      99      132    1  5619
    75     231      309    0  5202
    75     138      183    1  3886
    75     125      167    1  3661
    75     151      203    0  2441
    75     126      168    1  1832
    75     143      188    1  1675
    76     398      526    1  4044
    76     398      527    1  2182
    76     398      528    1  1099
    76     398      529    1   814
    76     398      530    1    38
    76     378      501    0  4324
    76     378      502    0  1007
    76     173      226    0  3050
    76     177      234    0  1401
    76     184      247    0  1160
    77     296      388    0  2911
    77     296      389    0   186
    77     373      495    1  2899
    77     187      250    1  2511
    77     208      280    0  2504
    77     214      287    1  2212
    77     193      257    1  1604
    77     196      260    0  1493
    77     190      253    0  1315
    77     202      271    1  1284
    78     349      458    0  2855
    78     349      460    0  2586
    78     349      457    0  2077
    78     349      459    0  1682
    78     212      284    1  2763
    78     212      285    1  1513
    78     239      320    0  2710
    78     241      322    1  2636
    78     227      303    1  1446
    78     238      319    1  1250
    79     285      376    1  3354
    79     285      375    1  2490
    79     348      456    0  4982
    79     422      564    1  4959
    79     249      332    0  2429
    79     260      343    1  2348
    79     290      382    0  2261
    79     320      420    1  2217
    79     278      365    0  2148
    79     297      390    0  1400
    80     315      415    0  3394
    80     315      414    0  1224
    80     330      436    1  2431
    80     330      437    1  1409
    80     330      438    1   538
    80     400      532    0  3408
    80     350      461    0  1923
    80     327      433    1  1790
    80     341      449    0  1493
    80     356      468    1  1446
    81     385      511    1  2550
    81     385      513    1  1674
    81     385      510    1  1387
    81     385      512    1   747
    81     498      673    0  2532
    81     386      514    0  2013
    81     383      508    0  1994
    81     390      518    0  1935
    81     380      505    1  1874
    81     361      473    0  1865
    82     493      664    1  4111
    82     493      661    1  1727
    82     493      663    1  1367
    82     493      662    1   238
    82       1        1    0  4227
    82     426      574    0  2208
    82     401      533    1  2125
    82     396      524    0  1498
    82     413      555    0  1472
    82     430      578    0  1147
    83     425      570    0  2383
    83     425      573    0  1683
    83     425      572    0   485
    83     425      571    0   110
    83     570      780    1  3294
    83     690      940    1  3288
    83     462      616    1  2704
    83     445      597    1  2014
    83     453      605    0  1290
    83     446      598    1  1016
    84     479      638    1  2199
    84     723      983    1  2196
    84     513      697    0  2029
    84     476      635    0  1802
    84     470      629    1  1562
    84     481      640    1  1512
    84     468      627    0  1416
    84     471      630    0  1373
    84     490      658    1  1351
    84     480      639    0  1245
    85     495      666    1  2839
    85     495      667    1  1219
    85     495      668    1   813
    85     495      669    1   523
    85     336      444    0  2883
    85     577      787    0  1375
    85     577      789    0   720
    85     577      788    0    13
    85     530      723    0  2047
    85     532      725    1  1960
    86     535      731    1  4634
    86     535      733    1  2211
    86     535      732    1  1661
    86     535      730    1   481
    86     523      708    0  4131
    86     523      710    0  1663
    86     523      709    0   276
    86     358      470    1  4648
    86     539      737    0  2680
    86     553      760    0  1448
    87     563      773    0  3438
    87     730      991    0  3418
    87     619      839    1  3068
    87     641      877    0  2618
    87     604      819    1  2516
    87     574      784    1  2389
    87     630      856    1  2367
    87     634      866    1  1957
    87     613      830    0  1433
    87     633      865    0  1389
    88     616      835    0  3847
    88     616      833    0  3829
    88     616      834    0  1960
    88     182      243    0  3204
    88     182      244    0   709
    88     689      939    1  2268
    88     661      903    1  2178
    88     682      930    1  1642
    88     658      900    1  1502
    88     674      921    1  1348
    89     708      960    1  4934
    89      90      123    0  4913
    89      93      126    1  3350
    89       0        0    1  3211
    89      94      127    0  3178
    89      30       38    0  3133
    89     130      173    1  2929
    89      44       58    1  2612
    89     713      967    0  2179
    89     705      956    0  1498
    90      54       74    1  4071
    90      54       75    1  1583
    90      54       76    1   917
    90      54       77    1   523
    90      33       43    0  2867
    90      33       44    0  1306
    90      33       41    0  1120
    90      33       42    0  1032
    90     402      534    0  3949
    90      87      120    1  2718
    91     204      275    1  5410
    91     204      273    1  2261
    91     204      276    1  1937
    91     204      274    1  1868
    91     168      221    0  6187
    91     580      792    0  6120
    91     161      213    1  3692
    91     307      403    0  3530
    91     343      451    0  2794
    91     255      338    0  2618
    92     174      227    0  4617
    92     174      229    0  2180
    92     174      231    0  1753
    92     174      230    0  1615
    92     174      228    0   863
    92     264      348    1  3601
    92     264      347    1  1584
    92     715      969    1  4584
    92     224      300    1  3378
    92     186      249    1  2930
    93     487      655    0  3566
    93     508      686    1  3553
    93     375      497    1  3230
    93     447      599    1  3135
    93     469      628    0  2923
    93     391      519    0  2714
    93     392      520    1  2601
    93     461      615    0  2512
    93     473      632    1  2209
    93     436      588    0  1612
    94     412      551    0  4726
    94     412      553    0  3865
    94     412      554    0  1240
    94     412      552    0   810
    94      70       99    1  5158
    94      70      100    1  1807
    94      70       98    1  1613
    94     506      684    1  3236
    94     489      657    1  2646
    94     504      681    0  1260
    95     694      944    1  3850
    95     626      852    1  3819
    95     652      894    0  3307
    95     576      786    1  3191
    95     596      811    0  2886
    95     585      797    1  2689
    95     583      795    0  2652
    95     591      806    1  2605
    95     587      799    0  2597
    95     554      761    0  2019
    96     647      884    0  2241
    96     647      883    0  1543
    96     647      885    0   935
    96     360      472    0  3736
    96     558      768    1  3721
    96     654      896    1  2998
    96     734      995    1  2760
    96     675      922    1  2505
    96     701      952    1  1784
    96     676      923    0  1651
    97     733      994    1  7102
    97     434      583    1  7102
    97     721      978    0  2605
    97     721      980    0  2476
    97     721      979    0   914
    97     721      981    0   887
    97     531      724    1  5874
    97      78      108    1  4383
    97     300      393    0  4259
    97     735      996    1  2985
    98     183      246    0  6776
    98     183      245    0  3080
    98     559      769    1  5009
    98     608      824    0  4729
    98     704      955    0  4388
    98     632      864    1  2301
    98     632      862    1  1069
    98     632      863    1   379
    98     464      618    1  3516
    98     670      915    0  2793
    99     482      642    1  6855
    99     482      641    1  1991
    99     482      643    1   839
    99     142      187    1  8559
    99     681      928    0  4954
    99     681      929    0  1896
    99     152      204    1  4194
    99     218      291    0  3673
    99     703      954    0  3491
    99     666      908    0  3260